1525850078 -4 69
1525850083 1,30
1525850088 22,19
1525850093 21,29
1525850098 2,63
1525850103 2,18
1525850108 31,44
1525850113 14,30
1525850118 36,13
1525850123 14,95
1525850128 31,65
1525850133 33,96
1525850138 25,94
1525850143 39,93
1525850148 11,74
1525850153 20,16
1525850158 34,55
1525850163 19,29
1525850168 30,17
1525850173 27,34
1525850178 35,78
1525850183 -4,77
1525850188 34,94
1525850193 34,36
1525850198 15,78
1525850203 9,63
1525850208 10,93
1525850213 31,92
1525850218 26,17
1525850223 -4,25
1525850228 23,50
1525850233 19,36
1525850238 26,24
1525850243 21,85
1525850248 37,64
1525850253 26,2
1525850258 0,91
1525850263 33,17
1525850268 33,31
1525850273 13,79
1525850278 10,23
1525850283 23,40
1525850288 -1,73
1525850293 -3,48
1525850298 2,48
1525850303 10,17
1525850308 35,60
1525850313 27,46
1525850318 23,18
1525850323 15,87
1525850328 6,1
1525850333 33,62
1525850338 13,34
1525850343 35,95
1525850348 17,37
1525850353 25,13
1525850358 21,89
1525850363 29,21
1525850368 3,92
1525850373 20,71
1525850378 10,70
1525850383 16,1
1525850388 11,7
1525850393 30,19
1525850398 35,15
1525850403 19,58
1525850408 38,93
1525850413 32,10
1525850418 30,76
1525850423 12,96
1525850428 -5,14
1525850433 39,58
1525850438 1,3
1525850443 22,40
1525850448 -4,33
1525850453 7,26
1525850458 7,27
1525850463 35,79
1525850468 33,31
1525850473 27,34
1525850478 1,8
1525850483 17,86
1525850488 17,0
1525850493 32,71
1525850498 2,21
1525850503 14,48
1525850508 39,6
1525850513 -2,35
1525850518 0,62
1525850523 18,70
1525850528 14,59
1525850533 8,86
1525850538 20,39
1525850543 1,64
1525850548 20,78
1525850553 17,80
1525850558 9,67
1525850563 11,67
1525850568 31,84
1525850573 5,80
1525850578 -3,24
1525850583 38,73
1525850588 25,30
1525850593 -2,9
1525850598 19,46
1525850603 28,7
1525850608 27,65
1525850613 32,89
1525850618 29,26
1525850623 15,80
1525850628 16,12
1525850633 5,22
1525850638 23,77
1525850643 5,7
1525850648 9,40
1525850653 26,30
1525850658 30,23
1525850663 33,8
1525850668 6,91
1525850673 28,72
1525850678 -5,16
1525850683 37,52
1525850688 0,53
1525850693 -2,61
1525850698 13,71
1525850703 7,23
1525850708 23,19
1525850713 -4,36
1525850718 39,58
1525850723 32,59
1525850728 20,43
1525850733 36,44
1525850738 3,34
1525850743 17,31
1525850748 30,70
1525850753 -1,57
1525850758 33,14
1525850763 10,85
1525850768 6,21
1525850773 1,97
1525850778 24,44
1525850783 3,47
1525850788 0,28
1525850793 6,41
1525850798 3,5
1525850803 -1,87
1525850808 7,21
1525850813 5,98
1525850818 17,1
1525850823 4,48
1525850828 2,75
1525850833 17,86
1525850838 9,46
1525850843 9,94
1525850848 34,62
1525850853 14,70
1525850858 27,74
1525850863 26,39
1525850868 2,60
1525850873 17,63
1525850878 9,47
1525850883 33,71
1525850888 28,46
1525850893 27,1
1525850898 38,51
1525850903 -4,26
1525850908 28,58
1525850913 25,34
1525850918 24,16
1525850923 8,99
1525850928 -5,19
1525850933 15,91
1525850938 8,84
1525850943 16,28
1525850948 -3,67
1525850953 9,55
1525850958 15,45
1525850963 12,85
1525850968 27,42
1525850973 34,74
1525850978 28,9
1525850983 1,92
1525850988 19,66
1525850993 -1,68
1525850998 -1,80
1525851003 30,24
1525851008 26,47
1525851013 28,20
1525851018 13,17
1525851023 -2,2
1525851028 28,8
1525851033 35,10
1525851038 -3,94
1525851043 13,19
1525851048 38,0
1525851053 6,25
1525851058 6,7
1525851063 21,73
1525851068 30,53
1525851073 17,2
1525851078 17,66
1525851083 23,80
1525851088 5,86
1525851093 29,64
1525851098 0,12
1525851103 9,51
1525851108 0,78
1525851113 16,79
1525851118 13,85
1525851123 12,28
1525851128 26,47
1525851133 24,62
1525851138 20,89
1525851143 26,39
1525851148 33,62
1525851153 -2,35
1525851158 17,78
1525851163 16,17
1525851168 12,26
1525851173 38,66
1525851178 19,16
1525851183 -5,73
1525851188 13,10
1525851193 36,39
1525851198 15,38
1525851203 -5,27
1525851208 27,66
1525851213 5,44
1525851218 5,12
1525851223 18,64
1525851228 10,83
1525851233 27,9
1525851238 12,5
1525851243 36,77
1525851248 37,54
1525851253 25,20
1525851258 13,18
1525851263 15,91
1525851268 -1,28
1525851273 -1,99
1525851278 12,81
1525851283 19,76
1525851288 28,89
1525851293 -1,32
1525851298 39,4
1525851303 14,23
1525851308 4,50
1525851313 12,22
1525851318 22,2
1525851323 20,90
1525851328 24,53
1525851333 21,70
1525851338 30,82
1525851343 36,93
1525851348 3,97
1525851353 7,86
1525851358 22,0
1525851363 3,22
1525851368 1,76
1525851373 -2,56
1525851378 38,20
1525851383 1,4
1525851388 1,44
1525851393 25,15
1525851398 26,55
1525851403 4,80
1525851408 0,11
1525851413 38,71
1525851418 5,37
1525851423 5,49
1525851428 25,49
1525851433 6,55
1525851438 27,13
1525851443 34,22
1525851448 -5,73
1525851453 39,30
1525851458 39,8
1525851463 -1,49
1525851468 29,1
1525851473 27,12
1525851478 31,59
1525851483 26,91
1525851488 20,12
1525851493 29,99
1525851498 12,90
1525851503 28,13
1525851508 10,76
1525851513 27,43
1525851518 16,59
1525851523 22,1
1525851528 14,39
1525851533 26,94
1525851538 33,93
1525851543 23,29
1525851548 20,20
1525851553 14,80
1525851558 22,57
1525851563 -2,32
1525851568 14,54
1525851573 23,21
1525851578 26,38
1525851583 30,47
1525851588 28,50
1525851593 -4,89
1525851598 3,54
1525851603 -5,96
1525851608 8,22
1525851613 8,86
1525851618 15,63
1525851623 2,95
1525851628 26,43
1525851633 30,31
1525851638 26,50
1525851643 23,85
1525851648 33,32
1525851653 7,24
1525851658 28,73
1525851663 32,13
1525851668 32,94
1525851673 27,26
1525851678 39,4
1525851683 -5,0
1525851688 -5,44
1525851693 3,29
1525851698 11,14
1525851703 28,55
1525851708 26,69
1525851713 1,10
1525851718 30,13
1525851723 -3,78
1525851728 9,25
1525851733 7,53
1525851738 11,13
1525851743 3,48
1525851748 16,6
1525851753 8,2
1525851758 -4,53
1525851763 -5,90
1525851768 32,51
1525851773 38,41
1525851778 4,34
1525851783 2,31
1525851788 24,36
1525851793 2,52
1525851798 16,33
1525851803 38,75
1525851808 36,27
1525851813 26,72
1525851818 0,84
1525851823 26,80
1525851828 22,73
1525851833 24,77
1525851838 38,21
1525851843 30,67
1525851848 16,3
1525851853 3,82
1525851858 8,37
1525851863 32,32
1525851868 26,86
1525851873 22,84
1525851878 21,33
1525851883 13,33
1525851888 22,27
1525851893 1,26
1525851898 2,19
1525851903 -5,50
1525851908 0,27
1525851913 5,51
1525851918 29,40
1525851923 17,88
1525851928 39,49
1525851933 29,51
1525851938 22,83
1525851943 6,33
1525851948 6,34
1525851953 -2,14
1525851958 27,29
1525851963 24,40
1525851968 -2,60
1525851973 7,50
1525851978 14,69
1525851983 26,15
1525851988 18,75
1525851993 15,54
1525851998 -2,73
1525852003 33,37
1525852008 14,21
1525852013 7,65
1525852018 39,27
1525852023 36,54
1525852028 3,82
1525852033 -2,37
1525852038 39,4
1525852043 32,95
1525852048 34,60
1525852053 30,20
1525852058 10,77
1525852063 39,42
1525852068 15,29
1525852073 1,27
1525852078 5,41
1525852083 21,54
1525852088 18,81
1525852093 13,62
1525852098 5,79
1525852103 4,45
1525852108 -5,80
1525852113 4,85
1525852118 20,24
1525852123 39,46
1525852128 36,49
1525852133 1,31
1525852138 23,24
1525852143 29,10
1525852148 -4,66
1525852153 10,54
1525852158 13,32
1525852163 -4,41
1525852168 15,30
1525852173 13,36
1525852178 16,97
1525852183 -5,34
1525852188 -1,48
1525852193 13,83
1525852198 27,17
1525852203 7,69
1525852208 31,78
1525852213 32,70
1525852218 29,0
1525852223 25,73
1525852228 -2,50
1525852233 19,22
1525852238 0,59
1525852243 -3,75
1525852248 25,17
1525852253 -3,5
1525852258 12,19
1525852263 4,87
1525852268 27,89
1525852273 7,17
1525852278 35,11
1525852283 17,96
1525852288 22,27
1525852293 15,20
1525852298 3,14
1525852303 6,47
1525852308 27,64
1525852313 13,22
1525852318 30,42
1525852323 23,74
1525852328 24,77
1525852333 28,37
1525852338 24,21
1525852343 21,12
1525852348 18,46
1525852353 7,13
1525852358 -4,0
1525852363 3,47
1525852368 5,31
1525852373 10,7
1525852378 33,84
1525852383 16,0
1525852388 7,51
1525852393 24,14
1525852398 8,13
1525852403 24,83
1525852408 3,63
1525852413 23,18
1525852418 -5,7
1525852423 38,39
1525852428 28,9
1525852433 18,0
1525852438 16,55
1525852443 16,57
1525852448 19,13
1525852453 4,16
1525852458 25,47
1525852463 20,69
1525852468 6,42
1525852473 27,29
1525852478 35,54
1525852483 18,37
1525852488 20,97
1525852493 27,53
1525852498 13,8
1525852503 36,78
1525852508 31,59
1525852513 24,73
1525852518 12,66
1525852523 19,52
1525852528 26,44
1525852533 21,65
1525852538 20,96
1525852543 27,10
1525852548 3,12
1525852553 23,15
1525852558 10,59
1525852563 38,87
1525852568 -3,50
1525852573 37,73
1525852578 -5,28
1525852583 29,31
1525852588 32,21
1525852593 31,40
1525852598 -5,6
1525852603 30,54
1525852608 3,65
1525852613 33,71
1525852618 23,59
1525852623 -4,83
1525852628 11,51
1525852633 10,64
1525852638 4,89
1525852643 19,25
1525852648 25,6
1525852653 33,39
1525852658 22,37
1525852663 21,55
1525852668 23,5
1525852673 35,89
1525852678 14,19
1525852683 36,42
1525852688 20,69
1525852693 18,99
1525852698 -4,25
1525852703 22,80
1525852708 30,15
1525852713 -5,44
1525852718 19,93
1525852723 35,32
1525852728 5,18
1525852733 6,66
1525852738 18,64
1525852743 37,65
1525852748 15,82
1525852753 -4,24
1525852758 19,24
1525852763 20,47
1525852768 -4,37
1525852773 13,18
1525852778 27,24
1525852783 15,62
1525852788 -5,91
1525852793 15,1
1525852798 28,35
1525852803 37,34
1525852808 20,58
1525852813 39,95
1525852818 22,34
1525852823 39,2
1525852828 29,91
1525852833 38,85
1525852838 24,6
1525852843 28,6
1525852848 23,47
1525852853 13,72
1525852858 22,63
1525852863 15,14
1525852868 29,95
1525852873 31,20
1525852878 0,33
1525852883 30,65
1525852888 27,47
1525852893 15,62
1525852898 3,28
1525852903 3,90
1525852908 23,69
1525852913 39,29
1525852918 18,3
1525852923 2,24
1525852928 17,87
1525852933 7,38
1525852938 14,88
1525852943 23,92
1525852948 2,71
1525852953 19,13
1525852958 39,30
1525852963 9,48
1525852968 -2,58
1525852973 27,98
1525852978 25,49
1525852983 27,22
1525852988 19,78
1525852993 35,39
1525852998 12,81
1525853003 30,8
1525853008 15,72
1525853013 -3,48
1525853018 35,75
1525853023 31,27
1525853028 21,97
1525853033 -4,0
1525853038 -5,88
1525853043 39,3
1525853048 10,82
1525853053 35,79
1525853058 13,77
1525853063 10,33
1525853068 5,77
1525853073 9,54
1525853078 2,72
1525853083 23,7
1525853088 27,86
1525853093 17,29
1525853098 15,73
1525853103 28,60
1525853108 21,3
1525853113 38,48
1525853118 13,9
1525853123 -2,12
1525853128 25,24
1525853133 39,49
1525853138 34,72
1525853143 36,9
1525853148 35,19
1525853153 22,69
1525853158 13,9
1525853163 31,16
1525853168 11,26
1525853173 36,30
1525853178 23,22
1525853183 36,83
1525853188 12,50
1525853193 8,12
1525853198 31,18
1525853203 11,90
1525853208 9,6
1525853213 1,27
1525853218 21,24
1525853223 32,97
1525853228 24,91
1525853233 4,65
1525853238 9,26
1525853243 28,75
1525853248 26,37
1525853253 1,15
1525853258 16,53
1525853263 12,55
1525853268 39,56
1525853273 1,50
1525853278 26,7
1525853283 29,67
1525853288 35,32
1525853293 19,84
1525853298 36,86
1525853303 15,65
1525853308 19,39
1525853313 38,7
1525853318 18,46
1525853323 38,39
1525853328 30,16
1525853333 31,93
1525853338 9,67
1525853343 13,90
1525853348 16,25
1525853353 24,46
1525853358 2,46
1525853363 5,68
1525853368 4,48
1525853373 37,31
1525853378 35,76
1525853383 12,33
1525853388 23,77
1525853393 -1,6
1525853398 2,79
1525853403 30,57
1525853408 23,2
1525853413 13,82
1525853418 11,67
1525853423 31,55
1525853428 -4,29
1525853433 -2,97
1525853438 4,8
1525853443 32,67
1525853448 13,74
1525853453 19,4
1525853458 19,50
1525853463 29,46
1525853468 21,44
1525853473 17,72
1525853478 -1,47
1525853483 7,0
1525853488 14,68
1525853493 4,5
1525853498 2,65
1525853503 13,92
1525853508 25,83
1525853513 35,50
1525853518 12,49
1525853523 16,82
1525853528 4,76
1525853533 8,95
1525853538 31,35
1525853543 29,8
1525853548 21,32
1525853553 14,7
1525853558 7,48
1525853563 3,68
1525853568 3,93
1525853573 -1,52
1525853578 -3,47
1525853583 1,84
1525853588 16,46
1525853593 39,23
1525853598 19,42
1525853603 17,60
1525853608 8,37
1525853613 22,57
1525853618 25,63
1525853623 34,36
1525853628 13,25
1525853633 12,14
1525853638 18,49
1525853643 23,58
1525853648 -4,84
1525853653 -5,55
1525853658 8,91
1525853663 19,21
1525853668 29,65
1525853673 -5,44
1525853678 34,15
1525853683 7,61
1525853688 32,64
1525853693 37,70
1525853698 29,52
1525853703 6,4
1525853708 28,83
1525853713 28,81
1525853718 1,86
1525853723 11,68
1525853728 -1,8
1525853733 39,27
1525853738 28,71
1525853743 -1,6
1525853748 35,21
1525853753 11,3
1525853758 28,93
1525853763 21,82
1525853768 3,97
1525853773 34,8
1525853778 37,44
1525853783 -4,63
1525853788 -5,61
1525853793 27,30
1525853798 11,24
1525853803 13,8
1525853808 36,32
1525853813 24,68
1525853818 19,38
1525853823 8,62
1525853828 -1,42
1525853833 3,10
1525853838 26,25
1525853843 34,73
1525853848 13,20
1525853853 17,74
1525853858 34,94
1525853863 33,87
1525853868 38,24
1525853873 4,43
1525853878 34,84
1525853883 19,64
1525853888 16,33
1525853893 16,24
1525853898 26,4
1525853903 11,18
1525853908 32,77
1525853913 12,36
1525853918 7,53
1525853923 24,15
1525853928 1,80
1525853933 22,51
1525853938 27,46
1525853943 2,7
1525853948 -4,20
1525853953 13,37
1525853958 18,40
1525853963 14,22
1525853968 34,0
1525853973 34,32
1525853978 2,45
1525853983 -5,58
1525853988 2,67
1525853993 32,41
1525853998 2,35
1525854003 7,16
1525854008 0,14
1525854013 37,29
1525854018 37,64
1525854023 28,43
1525854028 37,82
1525854033 21,85
1525854038 21,66
1525854043 18,95
1525854048 7,75
1525854053 13,87
1525854058 18,4
1525854063 22,13
1525854068 31,31
1525854073 17,39
1525854078 3,74
1525854083 20,35
1525854088 16,91
1525854093 26,30
1525854098 22,38
1525854103 7,62
1525854108 37,9
1525854113 31,20
1525854118 19,30
1525854123 37,35
1525854128 37,53
1525854133 23,54
1525854138 10,53
1525854143 20,32
1525854148 21,5
1525854153 33,87
1525854158 -2,47
1525854163 39,32
1525854168 8,97
1525854173 28,83
1525854178 4,22
1525854183 30,29
1525854188 27,35
1525854193 -1,13
1525854198 16,91
1525854203 25,45
1525854208 28,63
1525854213 34,60
1525854218 8,54
1525854223 38,87
1525854228 3,82
1525854233 19,89
1525854238 18,45
1525854243 17,66
1525854248 1,30
1525854253 28,88
1525854258 2,40
1525854263 39,3
1525854268 11,35
1525854273 31,58
1525854278 39,59
1525854283 8,69
1525854288 9,88
1525854293 22,21
1525854298 3,33
1525854303 -3,72
1525854308 18,38
1525854313 13,72
1525854318 25,23
1525854323 2,46
1525854328 39,56
1525854333 3,75
1525854338 24,56
1525854343 13,91
1525854348 19,94
1525854353 11,36
1525854358 16,48
1525854363 35,16
1525854368 13,45
1525854373 27,90
1525854378 9,47
1525854383 36,20
1525854388 39,1
1525854393 -2,49
1525854398 32,47
1525854403 11,62
1525854408 33,53
1525854413 36,10
1525854418 34,67
1525854423 4,32
1525854428 34,45
1525854433 0,28
1525854438 0,96
1525854443 -3,52
1525854448 24,81
1525854453 -5,79
1525854458 33,89
1525854463 29,73
1525854468 25,41
1525854473 17,10
1525854478 11,67
1525854483 17,83
1525854488 20,56
1525854493 1,68
1525854498 4,10
1525854503 19,19
1525854508 -2,34
1525854513 4,44
1525854518 17,44
1525854523 9,11
1525854528 35,63
1525854533 30,26
1525854538 22,71
1525854543 17,3
1525854548 11,88
1525854553 14,86
1525854558 18,42
1525854563 7,23
1525854568 37,13
1525854573 35,38
1525854578 -4,98
1525854583 2,7
1525854588 33,35
1525854593 10,9
1525854598 15,48
1525854603 6,36
1525854608 34,92
1525854613 8,66
1525854618 16,29
1525854623 2,69
1525854628 5,44
1525854633 27,26
1525854638 31,11
1525854643 -3,47
1525854648 32,31
1525854653 14,45
1525854658 10,5
1525854663 30,43
1525854668 30,7
1525854673 6,23
1525854678 1,21
1525854683 27,1
1525854688 12,25
1525854693 0,3
1525854698 0,90
1525854703 24,33
1525854708 23,20
1525854713 -1,89
1525854718 25,27
1525854723 33,78
1525854728 20,33
1525854733 19,62
1525854738 18,1
1525854743 4,83
1525854748 37,98
1525854753 25,47
1525854758 24,90
1525854763 0,36
1525854768 -5,96
1525854773 7,67
1525854778 25,71
1525854783 -4,66
1525854788 35,57
1525854793 33,49
1525854798 34,40
1525854803 33,94
1525854808 10,7
1525854813 29,13
1525854818 25,19
1525854823 7,77
1525854828 18,62
1525854833 37,52
1525854838 36,61
1525854843 13,91
1525854848 27,72
1525854853 3,36
1525854858 5,16
1525854863 16,19
1525854868 21,55
1525854873 16,67
1525854878 9,48
1525854883 -3,82
1525854888 30,74
1525854893 13,63
1525854898 34,9
1525854903 22,77
1525854908 7,96
1525854913 37,66
1525854918 -5,51
1525854923 15,17
1525854928 21,65
1525854933 37,88
1525854938 -4,21
1525854943 26,79
1525854948 4,24
1525854953 22,0
1525854958 1,75
1525854963 12,74
1525854968 -3,5
1525854973 16,30
1525854978 1,8
1525854983 -3,64
1525854988 19,87
1525854993 13,78
1525854998 -4,70
1525855003 25,23
1525855008 7,67
1525855013 31,98
1525855018 8,63
1525855023 -4,97
1525855028 26,7
1525855033 35,85
1525855038 32,43
1525855043 30,59
1525855048 29,12
1525855053 -4,6
1525855058 30,29
1525855063 34,12
1525855068 26,76
1525855073 21,6
1525855078 26,28
1525855083 31,29
1525855088 29,70
1525855093 31,66
1525855098 4,46
1525855103 29,78
1525855108 11,34
1525855113 4,1
1525855118 33,95
1525855123 34,15
1525855128 22,46
1525855133 13,29
1525855138 39,68
1525855143 32,80
1525855148 14,60
1525855153 28,19
1525855158 33,84
1525855163 24,16
1525855168 19,54
1525855173 -2,69
1525855178 38,75
1525855183 -4,62
1525855188 1,25
1525855193 35,30
1525855198 11,12
1525855203 33,47
1525855208 6,21
1525855213 3,53
1525855218 5,3
1525855223 14,16
1525855228 21,90
1525855233 2,80
1525855238 32,97
1525855243 8,69
1525855248 22,74
1525855253 24,57
1525855258 0,51
1525855263 13,21
1525855268 15,38
1525855273 23,39
1525855278 27,10
1525855283 15,1
1525855288 11,90
1525855293 6,10
1525855298 11,60
1525855303 25,25
1525855308 24,46
1525855313 -4,3
1525855318 29,70
1525855323 34,43
1525855328 34,60
1525855333 28,47
1525855338 21,6
1525855343 28,51
1525855348 23,66
1525855353 -4,88
1525855358 31,56
1525855363 13,11
1525855368 37,25
1525855373 13,70
1525855378 14,22
1525855383 -1,49
1525855388 32,85
1525855393 31,30
1525855398 8,30
1525855403 31,10
1525855408 12,7
1525855413 23,65
1525855418 10,73
1525855423 4,73
1525855428 28,55
1525855433 36,82
1525855438 -3,75
1525855443 28,55
1525855448 34,6
1525855453 -5,88
1525855458 22,73
1525855463 19,38
1525855468 18,11
1525855473 3,90
1525855478 7,75
1525855483 14,55
1525855488 24,12
1525855493 24,19
1525855498 -1,32
1525855503 -3,28
1525855508 23,97
1525855513 13,47
1525855518 19,59
1525855523 29,71
1525855528 -4,79
1525855533 32,3
1525855538 36,96
1525855543 37,83
1525855548 0,41
1525855553 39,5
1525855558 13,42
1525855563 27,10
1525855568 4,60
1525855573 2,34
1525855578 6,27
1525855583 16,55
1525855588 35,95
1525855593 4,27
1525855598 19,7
1525855603 20,14
1525855608 12,22
1525855613 22,57
1525855618 30,93
1525855623 9,89
1525855628 10,89
1525855633 15,26
1525855638 0,19
1525855643 39,32
1525855648 34,89
1525855653 22,9
1525855658 -5,87
1525855663 31,41
1525855668 12,49
1525855673 33,12
1525855678 -2,71
1525855683 -3,33
1525855688 30,68
1525855693 -2,72
1525855698 32,43
1525855703 17,58
1525855708 21,10
1525855713 3,82
1525855718 8,16
1525855723 -4,93
1525855728 9,22
1525855733 18,38
1525855738 8,53
1525855743 1,40
1525855748 31,5
1525855753 32,9
1525855758 2,2
1525855763 7,54
1525855768 22,64
1525855773 31,55
1525855778 23,7
1525855783 39,64
1525855788 29,96
1525855793 39,20
1525855798 5,48
1525855803 17,67
1525855808 11,75
1525855813 34,95
1525855818 4,71
1525855823 20,5
1525855828 5,37
1525855833 -1,10
1525855838 1,11
1525855843 38,92
1525855848 4,33
1525855853 23,77
1525855858 19,17
1525855863 33,32
1525855868 -3,4
1525855873 29,78
1525855878 -4,51
1525855883 20,38
1525855888 32,59
1525855893 9,21
1525855898 2,51
1525855903 11,87
1525855908 30,70
1525855913 28,1
1525855918 15,46
1525855923 37,33
1525855928 14,94
1525855933 19,24
1525855938 19,0
1525855943 -1,94
1525855948 1,3
1525855953 2,99
1525855958 36,21
1525855963 2,74
1525855968 6,47
1525855973 29,15
1525855978 24,99
1525855983 -2,16
1525855988 37,37
1525855993 11,87
1525855998 4,67
1525856003 -4,42
1525856008 30,38
1525856013 1,23
1525856018 30,45
1525856023 8,97
1525856028 14,42
1525856033 1,17
1525856038 21,96
1525856043 0,5
1525856048 11,81
1525856053 39,72
1525856058 -1,86
1525856063 38,44
1525856068 6,67
1525856073 25,90
1525856078 0,93
1525856083 21,23
1525856088 4,16
1525856093 36,25
1525856098 31,77
1525856103 8,36
1525856108 9,39
1525856113 23,13
1525856118 1,36
1525856123 32,37
1525856128 30,41
1525856133 33,30
1525856138 -5,80
1525856143 13,55
1525856148 27,54
1525856153 11,77
1525856158 -4,96
1525856163 31,11
1525856168 7,67
1525856173 25,11
1525856178 4,20
1525856183 -3,31
1525856188 14,37
1525856193 21,5
1525856198 9,45
1525856203 25,47
1525856208 1,92
1525856213 30,41
1525856218 27,98
1525856223 -4,80
1525856228 27,53
1525856233 19,48
1525856238 1,25
1525856243 16,88
1525856248 18,34
1525856253 5,40
1525856258 36,35
1525856263 8,46
1525856268 20,95
1525856273 28,60
1525856278 3,82
1525856283 30,33
1525856288 33,33
1525856293 33,7
1525856298 29,11
1525856303 8,70
1525856308 22,3
1525856313 7,96
1525856318 38,85
1525856323 14,63
1525856328 1,88
1525856333 35,97
1525856338 11,29
1525856343 31,46
1525856348 9,80
1525856353 1,82
1525856358 -5,48
1525856363 19,34
1525856368 21,23
1525856373 22,54
1525856378 11,54
1525856383 30,4
1525856388 9,10
1525856393 3,76
1525856398 7,29
1525856403 25,94
1525856408 18,71
1525856413 22,75
1525856418 37,88
1525856423 22,34
1525856428 35,90
1525856433 33,24
1525856438 -3,5
1525856443 9,88
1525856448 -5,46
1525856453 -4,84
1525856458 31,69
1525856463 7,48
1525856468 21,77
1525856473 11,28
1525856478 19,98
1525856483 25,55
1525856488 19,18
1525856493 -3,72
1525856498 19,41
1525856503 31,0
1525856508 36,25
1525856513 36,56
1525856518 32,40
1525856523 1,38
1525856528 6,27
1525856533 36,0
1525856538 1,99
1525856543 -5,76
1525856548 25,95
1525856553 1,47
1525856558 13,73
1525856563 7,54
1525856568 37,56
1525856573 36,32
1525856578 11,57
1525856583 19,59
1525856588 22,91
1525856593 36,91
1525856598 19,95
1525856603 31,31
1525856608 5,16
1525856613 9,82
1525856618 30,35
1525856623 23,17
1525856628 3,41
1525856633 15,53
1525856638 26,93
1525856643 32,74
1525856648 7,8
1525856653 26,50
1525856658 34,97
1525856663 4,65
1525856668 2,86
1525856673 19,6
1525856678 35,55
1525856683 16,66
1525856688 0,17
1525856693 27,5
1525856698 35,51
1525856703 18,79
1525856708 0,42
1525856713 10,35
1525856718 16,79
1525856723 -2,19
1525856728 34,31
1525856733 -3,47
1525856738 -4,30
1525856743 27,88
1525856748 35,22
1525856753 22,43
1525856758 39,0
1525856763 -5,29
1525856768 4,19
1525856773 8,86
1525856778 23,6
1525856783 37,43
1525856788 0,29
1525856793 3,36
1525856798 -5,88
1525856803 4,40
1525856808 29,6
1525856813 26,77
1525856818 29,53
1525856823 1,47
1525856828 2,37
1525856833 11,2
1525856838 3,58
1525856843 -2,43
1525856848 6,86
1525856853 5,85
1525856858 35,24
1525856863 19,28
1525856868 -3,8
1525856873 6,17
1525856878 2,32
1525856883 28,88
1525856888 14,99
1525856893 9,92
1525856898 11,10
1525856903 7,60
1525856908 21,7
1525856913 13,83
1525856918 27,82
1525856923 13,68
1525856928 33,59
1525856933 18,90
1525856938 20,79
1525856943 7,31
1525856948 32,96
1525856953 4,96
1525856958 9,67
1525856963 21,14
1525856968 19,61
1525856973 4,69
1525856978 12,0
1525856983 39,46
1525856988 36,60
1525856993 25,88
1525856998 22,47
1525857003 32,89
1525857008 38,47
1525857013 -5,93
1525857018 30,30
1525857023 -1,77
1525857028 5,22
1525857033 38,8
1525857038 29,43
1525857043 5,15
1525857048 7,89
1525857053 13,52
1525857058 18,52
1525857063 8,43
1525857068 2,96
1525857073 20,46
1525857078 7,68
1525857083 9,41
1525857088 -2,58
1525857093 39,17
1525857098 1,88
1525857103 -2,17
1525857108 1,97
1525857113 -4,29
1525857118 39,25
1525857123 38,65
1525857128 29,94
1525857133 8,7
1525857138 31,42
1525857143 9,38
1525857148 22,62
1525857153 33,76
1525857158 -3,35
1525857163 -1,45
1525857168 -5,64
1525857173 20,11
1525857178 32,53
1525857183 -4,1
1525857188 33,69
1525857193 37,6
1525857198 -5,63
1525857203 5,0
1525857208 37,48
1525857213 20,89
1525857218 22,76
1525857223 28,88
1525857228 9,16
1525857233 -3,4
1525857238 8,97
1525857243 18,4
1525857248 18,16
1525857253 35,9
1525857258 -3,90
1525857263 15,85
1525857268 -1,10
1525857273 14,88
1525857278 19,96
1525857283 23,9
1525857288 18,11
1525857293 35,32
1525857298 23,93
1525857303 30,73
1525857308 31,40
1525857313 -5,70
1525857318 5,47
1525857323 21,31
1525857328 7,99
1525857333 25,74
1525857338 27,44
1525857343 6,5
1525857348 -1,31
1525857353 9,72
1525857358 27,54
1525857363 -4,43
1525857368 12,40
1525857373 24,36
1525857378 0,62
1525857383 36,39
1525857388 35,76
1525857393 29,70
1525857398 26,76
1525857403 -2,58
1525857408 21,80
1525857413 10,54
1525857418 38,83
1525857423 25,27
1525857428 26,40
1525857433 33,48
1525857438 7,54
1525857443 12,89
1525857448 13,47
1525857453 30,0
1525857458 6,67
1525857463 24,41
1525857468 12,60
1525857473 10,19
1525857478 2,70
1525857483 35,97
1525857488 4,52
1525857493 26,6
1525857498 32,71
1525857503 14,62
1525857508 15,24
1525857513 39,77
1525857518 1,65
1525857523 22,30
1525857528 33,81
1525857533 3,31
1525857538 28,16
1525857543 -4,17
1525857548 2,2
1525857553 19,64
1525857558 0,37
1525857563 20,72
1525857568 21,49
1525857573 -2,79
1525857578 16,1
1525857583 5,7
1525857588 10,18
1525857593 10,79
1525857598 10,32
1525857603 1,75
1525857608 31,32
1525857613 24,41
1525857618 15,81
1525857623 20,47
1525857628 -5,79
1525857633 24,0
1525857638 36,45
1525857643 1,12
1525857648 36,65
1525857653 12,11
1525857658 13,48
1525857663 33,95
1525857668 -1,80
1525857673 33,32
1525857678 34,64
1525857683 11,9
1525857688 -4,36
1525857693 7,54
1525857698 11,81
1525857703 33,18
1525857708 2,84
1525857713 22,8
1525857718 39,12
1525857723 24,92
1525857728 3,33
1525857733 8,37
1525857738 27,56
1525857743 13,91
1525857748 4,14
1525857753 29,5
1525857758 20,95
1525857763 5,31
1525857768 1,8
1525857773 38,81
1525857778 37,64
1525857783 -2,53
1525857788 1,81
1525857793 20,90
1525857798 20,98
1525857803 19,30
1525857808 25,68
1525857813 31,88
1525857818 23,21
1525857823 37,62
1525857828 33,46
1525857833 4,9
1525857838 37,87
1525857843 16,30
1525857848 20,14
1525857853 24,17
1525857858 14,83
1525857863 38,96
1525857868 9,67
1525857873 22,76
1525857878 16,98
1525857883 28,98
1525857888 15,18
1525857893 2,89
1525857898 18,30
1525857903 33,15
1525857908 4,84
1525857913 39,73
1525857918 6,21
1525857923 12,17
1525857928 3,32
1525857933 9,58
1525857938 7,62
1525857943 15,0
1525857948 4,90
1525857953 10,41
1525857958 8,64
1525857963 -5,99
1525857968 4,14
1525857973 28,30
1525857978 0,78
1525857983 25,93
1525857988 3,75
1525857993 28,50
1525857998 -1,41
1525858003 13,93
1525858008 12,37
1525858013 -3,70
1525858018 17,32
1525858023 13,27
1525858028 8,14
1525858033 2,15
1525858038 28,76
1525858043 13,90
1525858048 20,83
1525858053 23,9
1525858058 17,0
1525858063 6,28
1525858068 18,62
1525858073 16,44
1525858078 2,32
1525858083 2,34
1525858088 4,72
1525858093 4,0
1525858098 38,77
1525858103 -3,12
1525858108 5,2
1525858113 32,70
1525858118 39,23
1525858123 36,84
1525858128 8,47
1525858133 21,85
1525858138 14,71
1525858143 20,60
1525858148 20,50
1525858153 -5,48
1525858158 16,94
1525858163 1,59
1525858168 38,12
1525858173 6,65
1525858178 22,54
1525858183 16,69
1525858188 17,33
1525858193 8,13
1525858198 37,30
1525858203 30,24
1525858208 12,22
1525858213 36,88
1525858218 36,22
1525858223 12,91
1525858228 7,74
1525858233 23,76
1525858238 28,26
1525858243 30,8
1525858248 31,1
1525858253 21,74
1525858258 -5,0
1525858263 3,60
1525858268 10,1
1525858273 25,62
1525858278 -2,88
1525858283 6,79
1525858288 22,98
1525858293 17,94
1525858298 34,43
1525858303 30,89
1525858308 27,61
1525858313 18,44
1525858318 8,25
1525858323 5,21
1525858328 0,69
1525858333 14,0
1525858338 24,40
1525858343 -2,14
1525858348 28,46
1525858353 20,18
1525858358 33,27
1525858363 5,75
1525858368 15,0
1525858373 12,61
1525858378 8,89
1525858383 -2,75
1525858388 29,79
1525858393 -2,56
1525858398 3,99
1525858403 20,36
1525858408 27,46
1525858413 29,23
1525858418 21,2
1525858423 -4,57
1525858428 -5,78
1525858433 39,70
1525858438 29,17
1525858443 32,92
1525858448 3,98
1525858453 28,27
1525858458 3,38
1525858463 39,38
1525858468 30,34
1525858473 6,96
1525858478 0,38
1525858483 37,32
1525858488 0,55
1525858493 37,83
1525858498 17,16
1525858503 17,57
1525858508 -3,92
1525858513 16,32
1525858518 36,79
1525858523 -3,30
1525858528 22,42
1525858533 37,48
1525858538 14,74
1525858543 2,89
1525858548 13,59
1525858553 34,29
1525858558 6,54
1525858563 -3,45
1525858568 25,49
1525858573 35,65
1525858578 32,98
1525858583 27,72
1525858588 11,99
1525858593 35,86
1525858598 27,97
1525858603 -4,6
1525858608 7,81
1525858613 20,92
1525858618 8,46
1525858623 10,32
1525858628 27,80
1525858633 24,16
1525858638 23,16
1525858643 36,74
1525858648 14,32
1525858653 20,54
1525858658 -1,23
1525858663 1,75
1525858668 37,49
1525858673 21,4
1525858678 23,22
1525858683 0,62
1525858688 30,25
1525858693 6,43
1525858698 12,84
1525858703 32,0
1525858708 6,9
1525858713 35,78
1525858718 39,66
1525858723 20,62
1525858728 3,15
1525858733 -1,21
1525858738 5,30
1525858743 8,1
1525858748 2,38
1525858753 14,26
1525858758 2,44
1525858763 8,45
1525858768 22,44
1525858773 10,73
1525858778 31,73
1525858783 29,91
1525858788 -1,81
1525858793 25,35
1525858798 32,94
1525858803 33,75
1525858808 29,12
1525858813 12,72
1525858818 39,14
1525858823 5,58
1525858828 34,56
1525858833 25,2
1525858838 20,79
1525858843 2,75
1525858848 18,19
1525858853 27,3
1525858858 14,55
1525858863 11,55
1525858868 19,26
1525858873 -4,39
1525858878 29,49
1525858883 -3,29
1525858888 1,28
1525858893 2,21
1525858898 4,6
1525858903 29,35
1525858908 12,68
1525858913 -1,11
1525858918 27,72
1525858923 -4,92
1525858928 1,99
1525858933 5,52
1525858938 19,22
1525858943 35,5
1525858948 38,35
1525858953 24,50
1525858958 37,16
1525858963 11,45
1525858968 25,68
1525858973 18,13
1525858978 18,43
1525858983 27,87
1525858988 1,46
1525858993 1,43
1525858998 14,66
1525859003 8,73
1525859008 16,25
1525859013 28,87
1525859018 35,48
1525859023 6,92
1525859028 29,43
1525859033 28,43
1525859038 33,91
1525859043 29,60
1525859048 32,92
1525859053 16,67
1525859058 -2,76
1525859063 21,9
1525859068 9,30
1525859073 33,41
1525859078 -4,80
1525859083 25,70
1525859088 19,33
1525859093 0,7
1525859098 1,10
1525859103 28,34
1525859108 10,84
1525859113 28,71
1525859118 33,55
1525859123 23,12
1525859128 5,72
1525859133 6,63
1525859138 39,0
1525859143 -3,48
1525859148 3,77
1525859153 14,36
1525859158 18,54
1525859163 34,93
1525859168 -3,85
1525859173 31,19
1525859178 17,69
1525859183 7,52
1525859188 18,90
1525859193 39,65
1525859198 19,70
1525859203 18,94
1525859208 3,73
1525859213 0,97
1525859218 -4,48
1525859223 6,54
1525859228 38,47
1525859233 30,34
1525859238 16,17
1525859243 17,25
1525859248 21,99
1525859253 30,8
1525859258 5,55
1525859263 24,79
1525859268 4,37
1525859273 4,24
1525859278 31,89
1525859283 31,0
1525859288 2,6
1525859293 8,80
1525859298 11,7
1525859303 36,31
1525859308 39,52
1525859313 0,37
1525859318 11,8
1525859323 19,66
1525859328 22,44
1525859333 21,13
1525859338 28,36
1525859343 30,59
1525859348 3,59
1525859353 38,96
1525859358 14,21
1525859363 -2,10
1525859368 1,26
1525859373 4,85
1525859378 0,41
1525859383 16,79
1525859388 4,33
1525859393 13,23
1525859398 30,49
1525859403 33,75
1525859408 12,66
1525859413 30,43
1525859418 0,10
1525859423 -1,37
1525859428 16,35
1525859433 35,91
1525859438 10,54
1525859443 14,21
1525859448 33,89
1525859453 31,76
1525859458 39,77
1525859463 -4,95
1525859468 22,19
1525859473 24,79
1525859478 25,18
1525859483 13,10
1525859488 -5,0
1525859493 11,17
1525859498 18,24
1525859503 5,29
1525859508 9,99
1525859513 1,96
1525859518 11,4
1525859523 33,33
1525859528 36,14
1525859533 6,53
1525859538 14,80
1525859543 30,89
1525859548 3,83
1525859553 1,9
1525859558 38,37
1525859563 25,79
1525859568 26,74
1525859573 -5,34
1525859578 2,69
1525859583 9,91
1525859588 9,58
1525859593 29,72
1525859598 1,34
1525859603 33,82
1525859608 35,71
1525859613 5,38
1525859618 36,63
1525859623 8,93
1525859628 28,26
1525859633 36,65
1525859638 -1,80
1525859643 17,63
1525859648 32,28
1525859653 -4,7
1525859658 4,78
1525859663 1,62
1525859668 22,44
1525859673 29,34
1525859678 17,93
1525859683 39,67
1525859688 8,37
1525859693 19,65
1525859698 -3,40
1525859703 27,67
1525859708 36,84
1525859713 7,72
1525859718 1,14
1525859723 20,87
1525859728 8,98
1525859733 14,88
1525859738 -1,31
1525859743 30,32
1525859748 5,8
1525859753 7,64
1525859758 5,17
1525859763 10,51
1525859768 27,19
1525859773 -1,22
1525859778 13,33
1525859783 -3,4
1525859788 28,51
1525859793 12,64
1525859798 2,31
1525859803 6,39
1525859808 36,8
1525859813 39,15
1525859818 -1,59
1525859823 26,86
1525859828 14,54
1525859833 14,6
1525859838 4,39
1525859843 17,11
1525859848 4,73
1525859853 31,6
1525859858 16,6
1525859863 36,91
1525859868 37,57
1525859873 11,93
1525859878 8,50
1525859883 28,69
1525859888 36,1
1525859893 2,78
1525859898 -3,30
1525859903 29,28
1525859908 12,41
1525859913 2,54
1525859918 5,92
1525859923 8,93
1525859928 21,99
1525859933 -1,40
1525859938 27,72
1525859943 27,89
1525859948 1,96
1525859953 23,28
1525859958 30,41
1525859963 0,99
1525859968 12,93
1525859973 5,27
1525859978 11,45
1525859983 10,12
1525859988 9,77
1525859993 21,35
1525859998 16,89
1525860003 0,54
1525860008 20,27
1525860013 27,32
1525860018 8,78
1525860023 14,1
1525860028 24,10
1525860033 32,99
1525860038 27,3
1525860043 38,83
1525860048 21,86
1525860053 28,69
1525860058 29,74
1525860063 29,3
1525860068 23,98
1525860073 11,28
1525860078 17,62
1525860083 -5,15
1525860088 15,53
1525860093 2,58
1525860098 17,48
1525860103 20,64
1525860108 21,86
1525860113 4,48
1525860118 -5,72
1525860123 15,8
1525860128 35,59
1525860133 14,95
1525860138 18,85
1525860143 22,6
1525860148 8,38
1525860153 32,74
1525860158 37,13
1525860163 39,59
1525860168 37,66
1525860173 15,42
1525860178 32,51
1525860183 35,84
1525860188 39,6
1525860193 29,34
1525860198 11,79
1525860203 2,98
1525860208 20,14
1525860213 29,82
1525860218 24,33
1525860223 24,96
1525860228 35,22
1525860233 31,26
1525860238 3,21
1525860243 32,91
1525860248 38,79
1525860253 26,25
1525860258 28,47
1525860263 -1,42
1525860268 20,97
1525860273 25,30
1525860278 20,40
1525860283 35,21
1525860288 9,44
1525860293 8,29
1525860298 34,65
1525860303 15,75
1525860308 23,1
1525860313 35,26
1525860318 8,64
1525860323 9,77
1525860328 7,49
1525860333 -4,9
1525860338 16,23
1525860343 31,66
1525860348 38,68
1525860353 15,43
1525860358 32,67
1525860363 38,46
1525860368 35,58
1525860373 39,58
1525860378 24,69
1525860383 2,1
1525860388 -4,6
1525860393 19,99
1525860398 39,86
1525860403 8,82
1525860408 0,87
1525860413 24,33
1525860418 31,39
1525860423 18,57
1525860428 20,85
1525860433 23,56
1525860438 0,72
1525860443 12,59
1525860448 34,8
1525860453 34,98
1525860458 38,88
1525860463 0,75
1525860468 20,56
1525860473 3,67
1525860478 17,8
1525860483 10,82
1525860488 15,13
1525860493 35,14
1525860498 26,0
1525860503 36,73
1525860508 10,60
1525860513 29,66
1525860518 17,25
1525860523 36,89
1525860528 33,13
1525860533 24,92
1525860538 0,59
1525860543 27,27
1525860548 19,3
1525860553 21,81
1525860558 21,55
1525860563 26,26
1525860568 28,30
1525860573 29,44
1525860578 -2,13
1525860583 35,86
1525860588 25,26
1525860593 30,40
1525860598 5,69
1525860603 39,50
1525860608 20,73
1525860613 21,83
1525860618 25,6
1525860623 16,52
1525860628 -5,72
1525860633 3,7
1525860638 32,76
1525860643 19,15
1525860648 14,15
1525860653 -3,82
1525860658 3,71
1525860663 4,50
1525860668 4,35
1525860673 0,48
1525860678 0,97
1525860683 14,23
1525860688 3,76
1525860693 29,56
1525860698 10,3
1525860703 8,36
1525860708 20,39
1525860713 -1,77
1525860718 0,25
1525860723 22,31
1525860728 5,37
1525860733 26,5
1525860738 37,77
1525860743 27,11
1525860748 15,73
1525860753 25,65
1525860758 14,76
1525860763 30,52
1525860768 18,42
1525860773 16,55
1525860778 26,66
1525860783 32,3
1525860788 -2,36
1525860793 20,59
1525860798 16,92
1525860803 6,78
1525860808 28,91
1525860813 5,32
1525860818 4,5
1525860823 39,92
1525860828 13,18
1525860833 30,36
1525860838 1,86
1525860843 29,70
1525860848 39,48
1525860853 13,66
1525860858 25,99
1525860863 4,2
1525860868 19,40
1525860873 23,21
1525860878 -2,24
1525860883 0,19
1525860888 -4,31
1525860893 39,80
1525860898 10,59
1525860903 9,31
1525860908 -4,9
1525860913 3,39
1525860918 6,66
1525860923 27,41
1525860928 23,85
1525860933 22,30
1525860938 -3,95
1525860943 38,96
1525860948 15,17
1525860953 10,49
1525860958 18,14
1525860963 15,12
1525860968 -2,10
1525860973 16,6
1525860978 12,16
1525860983 3,74
1525860988 19,23
1525860993 22,75
1525860998 29,97
1525861003 12,55
1525861008 33,19
1525861013 25,96
1525861018 8,6
1525861023 9,50
1525861028 24,57
1525861033 6,87
1525861038 36,67
1525861043 37,28
1525861048 -1,25
1525861053 25,96
1525861058 26,79
1525861063 4,51
1525861068 14,56
1525861073 16,98
1525861078 19,2
1525861083 2,80
1525861088 -5,64
1525861093 32,67
1525861098 27,47
1525861103 6,42
1525861108 -2,67
1525861113 12,11
1525861118 -3,17
1525861123 34,77
1525861128 28,22
1525861133 16,72
1525861138 38,71
1525861143 19,69
1525861148 -4,35
1525861153 -5,24
1525861158 0,64
1525861163 28,37
1525861168 -5,2
1525861173 -4,43
1525861178 16,82
1525861183 3,15
1525861188 15,29
1525861193 14,75
1525861198 -1,87
1525861203 25,96
1525861208 13,44
1525861213 13,15
1525861218 15,85
1525861223 33,76
1525861228 15,87
1525861233 -5,67
1525861238 8,41
1525861243 14,4
1525861248 22,84
1525861253 31,36
1525861258 10,79
1525861263 36,26
1525861268 10,77
1525861273 30,65
1525861278 30,0
1525861283 10,21
1525861288 23,99
1525861293 -2,97
1525861298 2,17
1525861303 36,44
1525861308 25,14
1525861313 28,70
1525861318 37,12
1525861323 30,3
1525861328 -4,0
1525861333 19,69
1525861338 25,16
1525861343 9,20
1525861348 23,79
1525861353 14,18
1525861358 6,26
1525861363 39,28
1525861368 38,49
1525861373 1,55
1525861378 15,89
1525861383 36,96
1525861388 34,84
1525861393 9,36
1525861398 13,34
1525861403 12,17
1525861408 4,76
1525861413 22,21
1525861418 28,37
1525861423 20,71
1525861428 35,4
1525861433 30,63
1525861438 1,39
1525861443 18,20
1525861448 28,56
1525861453 36,56
1525861458 38,90
1525861463 36,37
1525861468 1,95
1525861473 35,66
1525861478 34,31
1525861483 21,6
1525861488 4,0
1525861493 27,33
1525861498 0,82
1525861503 30,54
1525861508 8,55
1525861513 39,98
1525861518 23,83
1525861523 18,4
1525861528 17,34
1525861533 27,56
1525861538 -4,24
1525861543 -3,36
1525861548 37,19
1525861553 0,39
1525861558 8,76
1525861563 21,2
1525861568 -2,22
1525861573 2,40
1525861578 -4,75
1525861583 -1,74
1525861588 -4,5
1525861593 2,60
1525861598 -5,56
1525861603 31,52
1525861608 16,55
1525861613 30,14
1525861618 22,19
1525861623 24,84
1525861628 19,18
1525861633 36,95
1525861638 9,28
1525861643 38,68
1525861648 -4,40
1525861653 23,85
1525861658 0,32
1525861663 16,9
1525861668 -4,56
1525861673 33,54
1525861678 30,75
1525861683 28,96
1525861688 17,42
1525861693 -3,31
1525861698 38,51
1525861703 20,7
1525861708 4,70
1525861713 21,10
1525861718 24,69
1525861723 -2,40
1525861728 15,31
1525861733 24,81
1525861738 29,65
1525861743 6,26
1525861748 -5,12
1525861753 25,84
1525861758 9,74
1525861763 4,49
1525861768 13,0
1525861773 17,91
1525861778 29,71
1525861783 20,9
1525861788 27,37
1525861793 36,82
1525861798 31,0
1525861803 -5,8
1525861808 4,2
1525861813 -1,55
1525861818 10,31
1525861823 36,95
1525861828 5,21
1525861833 21,58
1525861838 12,25
1525861843 12,65
1525861848 2,71
1525861853 36,52
1525861858 5,49
1525861863 4,71
1525861868 25,54
1525861873 15,39
1525861878 15,96
1525861883 39,28
1525861888 3,16
1525861893 0,66
1525861898 26,17
1525861903 21,19
1525861908 30,86
1525861913 27,75
1525861918 34,12
1525861923 27,23
1525861928 19,4
1525861933 11,99
1525861938 13,31
1525861943 37,7
1525861948 33,22
1525861953 -4,32
1525861958 23,45
1525861963 38,31
1525861968 -5,3
1525861973 -2,85
1525861978 -4,56
1525861983 11,89
1525861988 9,68
1525861993 6,48
1525861998 24,1
1525862003 0,46
1525862008 5,22
1525862013 -4,71
1525862018 18,20
1525862023 19,45
1525862028 9,53
1525862033 17,48
1525862038 6,39
1525862043 -3,62
1525862048 28,34
1525862053 31,64
1525862058 -3,32
1525862063 14,19
1525862068 22,2
1525862073 8,20
1525862078 13,72
1525862083 3,75
1525862088 27,80
1525862093 36,93
1525862098 27,82
1525862103 5,99
1525862108 26,14
1525862113 12,43
1525862118 18,12
1525862123 33,81
1525862128 -1,40
1525862133 27,83
1525862138 14,52
1525862143 10,84
1525862148 22,77
1525862153 7,49
1525862158 11,18
1525862163 -2,40
1525862168 38,25
1525862173 5,43
1525862178 32,94
1525862183 39,2
1525862188 36,92
1525862193 22,29
1525862198 21,61
1525862203 31,37
1525862208 32,30
1525862213 21,2
1525862218 -5,70
1525862223 10,34
1525862228 -3,24
1525862233 39,18
1525862238 39,7
1525862243 10,65
1525862248 25,22
1525862253 9,55
1525862258 29,81
1525862263 9,62
1525862268 14,60
1525862273 0,46
1525862278 31,71
1525862283 14,55
1525862288 7,45
1525862293 32,13
1525862298 25,43
1525862303 -3,28
1525862308 2,44
1525862313 15,96
1525862318 -2,69
1525862323 38,41
1525862328 3,77
1525862333 -5,58
1525862338 28,53
1525862343 20,43
1525862348 36,47
1525862353 23,71
1525862358 27,43
1525862363 34,62
1525862368 9,84
1525862373 18,7
1525862378 28,31
1525862383 4,54
1525862388 0,96
1525862393 -3,38
1525862398 12,72
1525862403 36,63
1525862408 27,93
1525862413 39,25
1525862418 8,8
1525862423 -5,95
1525862428 32,34
1525862433 15,91
1525862438 26,17
1525862443 23,75
1525862448 38,95
1525862453 31,5
1525862458 33,88
1525862463 27,90
1525862468 -3,22
1525862473 -1,92
1525862478 37,86
1525862483 34,95
1525862488 13,47
1525862493 32,79
1525862498 -2,15
1525862503 15,95
1525862508 19,81
1525862513 2,26
1525862518 1,15
1525862523 -3,49
1525862528 -4,5
1525862533 24,63
1525862538 20,89
1525862543 26,10
1525862548 31,17
1525862553 38,44
1525862558 11,65
1525862563 18,35
1525862568 3,91
1525862573 32,3
1525862578 26,13
1525862583 30,27
1525862588 24,31
1525862593 2,29
1525862598 -3,16
1525862603 -3,54
1525862608 1,59
1525862613 12,94
1525862618 12,11
1525862623 -2,22
1525862628 32,16
1525862633 7,60
1525862638 20,43
1525862643 34,67
1525862648 1,63
1525862653 -1,0
1525862658 -3,26
1525862663 -3,56
1525862668 -4,38
1525862673 10,64
1525862678 35,85
1525862683 33,37
1525862688 38,80
1525862693 5,12
1525862698 26,18
1525862703 9,83
1525862708 39,90
1525862713 21,26
1525862718 38,24
1525862723 21,62
1525862728 29,71
1525862733 1,13
1525862738 14,29
1525862743 -2,12
1525862748 20,4
1525862753 19,87
1525862758 11,15
1525862763 24,24
1525862768 22,8
1525862773 14,78
1525862778 34,14
1525862783 19,1
1525862788 3,56
1525862793 14,89
1525862798 4,96
1525862803 -3,1
1525862808 -3,78
1525862813 28,66
1525862818 15,53
1525862823 32,6
1525862828 33,54
1525862833 22,24
1525862838 4,98
1525862843 25,34
1525862848 35,3
1525862853 39,94
1525862858 8,15
1525862863 4,9
1525862868 3,26
1525862873 28,74
1525862878 0,81
1525862883 4,80
1525862888 22,2
1525862893 13,37
1525862898 24,20
1525862903 32,64
1525862908 1,32
1525862913 1,28
1525862918 20,70
1525862923 -3,86
1525862928 26,64
1525862933 36,91
1525862938 5,39
1525862943 16,71
1525862948 22,44
1525862953 31,87
1525862958 14,53
1525862963 22,17
1525862968 39,97
1525862973 20,31
1525862978 27,64
1525862983 28,76
1525862988 13,50
1525862993 0,73
1525862998 3,31
1525863003 16,46
1525863008 14,44
1525863013 19,59
1525863018 -2,35
1525863023 -4,22
1525863028 11,26
1525863033 26,76
1525863038 39,97
1525863043 19,16
1525863048 20,29
1525863053 28,65
1525863058 -1,10
1525863063 -5,76
1525863068 33,6
1525863073 21,52
1525863078 3,50
1525863083 -4,15
1525863088 34,88
1525863093 28,63
1525863098 27,68
1525863103 31,97
1525863108 21,76
1525863113 36,31
1525863118 30,60
1525863123 23,9
1525863128 8,67
1525863133 12,57
1525863138 13,11
1525863143 5,26
1525863148 34,52
1525863153 7,24
1525863158 30,65
1525863163 36,23
1525863168 8,36
1525863173 -1,43
1525863178 33,39
1525863183 -2,3
1525863188 31,67
1525863193 2,75
1525863198 18,77
1525863203 31,91
1525863208 12,53
1525863213 33,79
1525863218 0,64
1525863223 25,33
1525863228 27,54
1525863233 -2,58
1525863238 11,4
1525863243 -3,41
1525863248 21,76
1525863253 38,72
1525863258 34,78
1525863263 19,31
1525863268 35,89
1525863273 20,13
1525863278 25,55
1525863283 15,51
1525863288 17,91
1525863293 37,75
1525863298 8,78
1525863303 33,21
1525863308 35,38
1525863313 25,59
1525863318 26,49
1525863323 32,59
1525863328 26,16
1525863333 14,77
1525863338 0,76
1525863343 27,72
1525863348 0,17
1525863353 1,21
1525863358 11,66
1525863363 32,5
1525863368 4,62
1525863373 4,45
1525863378 28,17
1525863383 26,12
1525863388 12,21
1525863393 33,27
1525863398 -1,12
1525863403 26,14
1525863408 3,35
1525863413 28,73
1525863418 25,41
1525863423 3,92
1525863428 18,8
1525863433 3,29
1525863438 10,49
1525863443 33,85
1525863448 23,15
1525863453 32,47
1525863458 6,19
1525863463 9,10
1525863468 2,36
1525863473 -4,34
1525863478 29,76
1525863483 11,22
1525863488 2,86
1525863493 23,38
1525863498 -3,46
1525863503 4,91
1525863508 -4,57
1525863513 1,2
1525863518 3,30
1525863523 -4,78
1525863528 22,88
1525863533 4,66
1525863538 19,57
1525863543 16,10
1525863548 9,36
1525863553 29,54
1525863558 25,1
1525863563 7,92
1525863568 2,82
1525863573 35,47
1525863578 18,27
1525863583 7,58
1525863588 13,54
1525863593 20,39
1525863598 29,38
1525863603 1,81
1525863608 36,9
1525863613 35,99
1525863618 18,57
1525863623 0,52
1525863628 30,91
1525863633 19,1
1525863638 27,38
1525863643 24,44
1525863648 13,25
1525863653 31,22
1525863658 12,91
1525863663 16,33
1525863668 15,52
1525863673 17,9
1525863678 -1,49
1525863683 28,39
1525863688 11,7
1525863693 0,67
1525863698 29,55
1525863703 17,62
1525863708 3,22
1525863713 10,47
1525863718 26,61
1525863723 17,43
1525863728 11,71
1525863733 27,58
1525863738 14,84
1525863743 15,11
1525863748 1,30
1525863753 20,22
1525863758 -4,41
1525863763 19,51
1525863768 3,77
1525863773 20,33
1525863778 14,99
1525863783 5,96
1525863788 16,94
1525863793 1,69
1525863798 13,99
1525863803 11,40
1525863808 15,58
1525863813 -5,5
1525863818 -3,77
1525863823 14,14
1525863828 22,83
1525863833 8,32
1525863838 31,99
1525863843 32,27
1525863848 2,5
1525863853 25,50
1525863858 0,47
1525863863 -3,74
1525863868 34,86
1525863873 26,98
1525863878 29,52
1525863883 4,77
1525863888 7,94
1525863893 -2,31
1525863898 35,12
1525863903 -4,29
1525863908 18,92
1525863913 28,22
1525863918 -2,92
1525863923 38,95
1525863928 4,74
1525863933 30,17
1525863938 30,32
1525863943 29,93
1525863948 -2,20
1525863953 4,77
1525863958 30,56
1525863963 5,88
1525863968 13,24
1525863973 36,1
1525863978 33,83
1525863983 11,36
1525863988 28,6
1525863993 27,16
1525863998 3,55
1525864003 28,69
1525864008 25,68
1525864013 27,93
1525864018 36,72
1525864023 21,77
1525864028 15,8
1525864033 36,35
1525864038 -5,17
1525864043 33,1
1525864048 30,75
1525864053 -5,57
1525864058 27,30
1525864063 17,46
1525864068 37,38
1525864073 6,79
1525864078 2,61
1525864083 34,66
1525864088 30,26
1525864093 5,91
1525864098 25,81
1525864103 20,81
1525864108 38,62
1525864113 38,41
1525864118 14,4
1525864123 18,21
1525864128 0,73
1525864133 8,79
1525864138 37,3
1525864143 9,4
1525864148 18,67
1525864153 32,35
1525864158 7,97
1525864163 13,35
1525864168 4,38
1525864173 36,86
1525864178 -4,38
1525864183 5,73
1525864188 -4,61
1525864193 13,78
1525864198 15,62
1525864203 3,19
1525864208 -5,3
1525864213 13,85
1525864218 2,54
1525864223 9,95
1525864228 21,23
1525864233 26,70
1525864238 19,23
1525864243 -3,29
1525864248 39,98
1525864253 22,80
1525864258 35,73
1525864263 31,91
1525864268 27,1
1525864273 12,88
1525864278 27,78
1525864283 -4,74
1525864288 -3,44
1525864293 35,42
1525864298 4,95
1525864303 16,86
1525864308 23,31
1525864313 0,82
1525864318 27,12
1525864323 5,74
1525864328 27,64
1525864333 -2,46
1525864338 12,30
1525864343 31,84
1525864348 20,8
1525864353 3,79
1525864358 -2,84
1525864363 -3,23
1525864368 -4,28
1525864373 25,13
1525864378 10,8
1525864383 9,81
1525864388 23,2
1525864393 36,83
1525864398 37,65
1525864403 1,50
1525864408 22,7
1525864413 18,29
1525864418 4,36
1525864423 3,23
1525864428 7,45
1525864433 38,72
1525864438 20,81
1525864443 36,18
1525864448 25,62
1525864453 7,97
1525864458 36,68
1525864463 4,96
1525864468 -4,90
1525864473 36,56
1525864478 2,80
1525864483 11,21
1525864488 9,72
1525864493 33,85
1525864498 11,77
1525864503 11,3
1525864508 33,95
1525864513 36,63
1525864518 38,88
1525864523 -2,37
1525864528 -3,73
1525864533 25,68
1525864538 14,17
1525864543 15,33
1525864548 10,80
1525864553 18,34
1525864558 32,72
1525864563 5,82
1525864568 39,77
1525864573 33,30
1525864578 8,86
1525864583 4,20
1525864588 -5,45
1525864593 15,91
1525864598 -4,32
1525864603 -3,75
1525864608 34,79
1525864613 15,28
1525864618 2,85
1525864623 9,27
1525864628 25,89
1525864633 14,14
1525864638 20,92
1525864643 14,70
1525864648 6,39
1525864653 18,1
1525864658 16,59
1525864663 4,41
1525864668 25,6
1525864673 34,48
1525864678 -1,29
1525864683 16,70
1525864688 -5,35
1525864693 16,5
1525864698 2,43
1525864703 26,39
1525864708 29,9
1525864713 35,24
1525864718 32,23
1525864723 7,16
1525864728 17,62
1525864733 5,60
1525864738 28,47
1525864743 27,4
1525864748 11,34
1525864753 21,41
1525864758 -3,43
1525864763 39,41
1525864768 18,39
1525864773 14,33
1525864778 32,20
1525864783 23,76
1525864788 29,4
1525864793 29,93
1525864798 30,17
1525864803 33,3
1525864808 11,74
1525864813 6,73
1525864818 39,15
1525864823 39,30
1525864828 12,75
1525864833 25,75
1525864838 10,68
1525864843 22,60
1525864848 4,43
1525864853 8,82
1525864858 3,85
1525864863 33,49
1525864868 20,96
1525864873 0,55
1525864878 36,25
1525864883 17,43
1525864888 35,61
1525864893 -1,34
1525864898 37,66
1525864903 27,9
1525864908 34,69
1525864913 18,78
1525864918 35,13
1525864923 37,18
1525864928 4,6
1525864933 28,88
1525864938 -3,25
1525864943 18,94
1525864948 24,40
1525864953 -3,92
1525864958 24,9
1525864963 13,88
1525864968 -4,59
1525864973 19,11
1525864978 23,87
1525864983 18,26
1525864988 13,25
1525864993 18,31
1525864998 15,63
1525865003 29,73
1525865008 21,35
1525865013 12,44
1525865018 26,79
1525865023 9,43
1525865028 -2,81
1525865033 12,63
1525865038 23,82
1525865043 28,95
1525865048 17,8
1525865053 19,77
1525865058 38,7
1525865063 5,19
1525865068 19,62
1525865073 -5,81
1525865078 26,99
1525865083 31,10
1525865088 22,92
1525865093 -2,44
1525865098 38,38
1525865103 32,92
1525865108 17,96
1525865113 32,68
1525865118 6,10
1525865123 16,91
1525865128 6,90
1525865133 -1,75
1525865138 36,64
1525865143 1,29
1525865148 22,57
1525865153 11,47
1525865158 23,93
1525865163 22,87
1525865168 5,25
1525865173 36,46
1525865178 6,75
1525865183 13,14
1525865188 3,28
1525865193 11,15
1525865198 19,48
1525865203 4,69
1525865208 5,72
1525865213 36,34
1525865218 30,80
1525865223 23,81
1525865228 36,18
1525865233 28,75
1525865238 30,37
1525865243 6,37
1525865248 6,49
1525865253 38,48
1525865258 0,38
1525865263 22,65
1525865268 36,57
1525865273 36,21
1525865278 11,38
1525865283 0,53
1525865288 10,86
1525865293 11,52
1525865298 37,18
1525865303 35,5
1525865308 20,71
1525865313 -4,0
1525865318 34,25
1525865323 24,42
1525865328 4,80
1525865333 37,19
1525865338 -5,62
1525865343 31,5
1525865348 9,51
1525865353 0,95
1525865358 14,36
1525865363 -4,91
1525865368 -2,45
1525865373 29,57
1525865378 7,86
1525865383 18,23
1525865388 26,5
1525865393 30,36
1525865398 38,37
1525865403 38,82
1525865408 26,74
1525865413 31,6
1525865418 24,88
1525865423 8,6
1525865428 24,64
1525865433 32,50
1525865438 6,10
1525865443 28,93
1525865448 22,57
1525865453 23,97
1525865458 36,30
1525865463 5,73
1525865468 25,64
1525865473 14,27
1525865478 19,91
1525865483 30,35
1525865488 12,24
1525865493 29,60
1525865498 38,33
1525865503 11,46
1525865508 36,34
1525865513 1,59
1525865518 24,34
1525865523 -5,30
1525865528 24,36
1525865533 10,0
1525865538 14,29
1525865543 -4,55
1525865548 -1,32
1525865553 16,30
1525865558 5,96
1525865563 -4,76
1525865568 22,53
1525865573 6,33
1525865578 29,93
1525865583 22,70
1525865588 27,47
1525865593 22,58
1525865598 8,18
1525865603 21,99
1525865608 -4,62
1525865613 4,1
1525865618 33,7
1525865623 38,69
1525865628 12,65
1525865633 20,65
1525865638 -2,2
1525865643 15,96
1525865648 -2,18
1525865653 33,63
1525865658 -2,93
1525865663 9,83
1525865668 -4,36
1525865673 10,78
1525865678 39,51
1525865683 15,91
1525865688 -4,39
1525865693 16,96
1525865698 1,4
1525865703 9,86
1525865708 39,43
1525865713 29,11
1525865718 25,81
1525865723 23,7
1525865728 20,55
1525865733 5,59
1525865738 -2,17
1525865743 -2,50
1525865748 -4,7
1525865753 30,32
1525865758 5,63
1525865763 35,6
1525865768 20,75
1525865773 18,21
1525865778 10,19
1525865783 25,82
1525865788 7,16
1525865793 38,74
1525865798 24,0
1525865803 22,23
1525865808 1,69
1525865813 -2,46
1525865818 1,78
1525865823 16,26
1525865828 22,73
1525865833 38,1
1525865838 -3,41
1525865843 34,95
1525865848 23,86
1525865853 1,29
1525865858 22,43
1525865863 33,91
1525865868 -1,22
1525865873 4,65
1525865878 24,99
1525865883 11,63
1525865888 29,88
1525865893 14,7
1525865898 -1,49
1525865903 -1,15
1525865908 3,48
1525865913 36,67
1525865918 37,1
1525865923 -2,65
1525865928 36,10
1525865933 14,87
1525865938 35,59
1525865943 -3,98
1525865948 35,5
1525865953 29,51
1525865958 31,60
1525865963 27,28
1525865968 6,0
1525865973 30,50
1525865978 11,32
1525865983 9,69
1525865988 18,89
1525865993 24,62
1525865998 38,84
1525866003 35,51
1525866008 34,72
1525866013 24,95
1525866018 2,87
1525866023 24,30
1525866028 -2,88
1525866033 15,29
1525866038 6,5
1525866043 27,93
1525866048 32,69
1525866053 26,41
1525866058 35,12
1525866063 35,32
1525866068 7,49
1525866073 27,69
1525866078 39,64
1525866083 22,62
1525866088 30,28
1525866093 33,63
1525866098 6,5
1525866103 4,54
1525866108 21,16
1525866113 24,11
1525866118 33,95
1525866123 11,73
1525866128 12,97
1525866133 -2,26
1525866138 34,18
1525866143 12,63
1525866148 -5,91
1525866153 38,35
1525866158 8,37
1525866163 24,58
1525866168 5,79
1525866173 33,81
1525866178 28,46
1525866183 18,93
1525866188 22,62
1525866193 7,82
1525866198 -1,3
1525866203 14,36
1525866208 18,68
1525866213 30,64
1525866218 32,42
1525866223 32,78
1525866228 5,78
1525866233 -1,93
1525866238 -1,3
1525866243 21,93
1525866248 4,11
1525866253 8,70
1525866258 4,62
1525866263 26,63
1525866268 19,46
1525866273 9,97
1525866278 13,36
1525866283 19,26
1525866288 33,46
1525866293 28,49
1525866298 -4,75
1525866303 37,64
1525866308 14,47
1525866313 34,90
1525866318 37,83
1525866323 27,69
1525866328 5,84
1525866333 24,36
1525866338 31,90
1525866343 18,17
1525866348 4,14
1525866353 29,52
1525866358 28,64
1525866363 38,47
1525866368 31,0
1525866373 19,20
1525866378 14,9
1525866383 37,17
1525866388 24,0
1525866393 35,13
1525866398 37,83
1525866403 33,10
1525866408 21,96
1525866413 7,25
1525866418 17,34
1525866423 0,70
1525866428 25,52
1525866433 21,68
1525866438 33,45
1525866443 -4,72
1525866448 2,60
1525866453 17,29
1525866458 17,44
1525866463 27,61
1525866468 14,29
1525866473 -4,82
1525866478 27,39
1525866483 25,69
1525866488 16,57
1525866493 24,96
1525866498 17,39
1525866503 26,42
1525866508 20,4
1525866513 19,88
1525866518 19,55
1525866523 -2,97
1525866528 14,72
1525866533 14,64
1525866538 13,25
1525866543 13,53
1525866548 39,78
1525866553 38,96
1525866558 16,90
1525866563 9,0
1525866568 0,3
1525866573 31,22
1525866578 4,43
1525866583 3,27
1525866588 12,71
1525866593 13,15
1525866598 2,89
1525866603 -3,21
1525866608 29,57
1525866613 2,64
1525866618 33,6
1525866623 25,98
1525866628 30,89
1525866633 5,4
1525866638 0,20
1525866643 34,51
1525866648 7,56
1525866653 21,57
1525866658 26,95
1525866663 16,65
1525866668 21,25
1525866673 10,36
1525866678 37,76
1525866683 37,46
1525866688 18,13
1525866693 22,55
1525866698 35,70
1525866703 -2,92
1525866708 11,94
1525866713 2,51
1525866718 38,92
1525866723 6,20
1525866728 6,91
1525866733 13,10
1525866738 23,7
1525866743 3,71
1525866748 34,44
1525866753 -5,93
1525866758 33,84
1525866763 -1,6
1525866768 2,18
1525866773 -3,46
1525866778 26,62
1525866783 -1,28
1525866788 36,13
1525866793 3,87
1525866798 22,91
1525866803 18,5
1525866808 28,88
1525866813 37,15
1525866818 0,10
1525866823 32,24
1525866828 34,75
1525866833 -4,58
1525866838 21,44
1525866843 13,40
1525866848 26,34
1525866853 15,0
1525866858 10,54
1525866863 15,83
1525866868 8,64
1525866873 13,0
1525866878 24,81
1525866883 1,14
1525866888 10,83
1525866893 32,13
1525866898 0,98
1525866903 28,98
1525866908 14,88
1525866913 2,35
1525866918 18,54
1525866923 -1,26
1525866928 8,69
1525866933 -2,82
1525866938 9,2
1525866943 5,34
1525866948 15,69
1525866953 3,22
1525866958 32,83
1525866963 35,52
1525866968 12,57
1525866973 -5,51
1525866978 11,72
1525866983 34,4
1525866988 38,63
1525866993 21,61
1525866998 8,34
1525867003 12,64
1525867008 15,65
1525867013 23,51
1525867018 38,57
1525867023 18,39
1525867028 15,36
1525867033 -4,57
1525867038 -2,83
1525867043 38,68
1525867048 36,9
1525867053 36,97
1525867058 -1,41
1525867063 -2,48
1525867068 34,40
1525867073 23,38
1525867078 -2,57
1525867083 -4,53
1525867088 19,40
1525867093 36,78
1525867098 24,19
1525867103 4,40
1525867108 10,85
1525867113 38,47
1525867118 1,63
1525867123 33,7
1525867128 23,22
1525867133 3,30
1525867138 35,54
1525867143 37,92
1525867148 29,17
1525867153 8,89
1525867158 36,4
1525867163 12,64
1525867168 8,20
1525867173 29,78
1525867178 22,65
1525867183 3,42
1525867188 12,91
1525867193 19,24
1525867198 7,54
1525867203 38,63
1525867208 14,88
1525867213 24,24
1525867218 7,38
1525867223 -5,38
1525867228 12,5
1525867233 19,82
1525867238 32,81
1525867243 33,33
1525867248 29,72
1525867253 30,94
1525867258 34,98
1525867263 29,80
1525867268 10,97
1525867273 35,15
1525867278 16,6
1525867283 10,2
1525867288 4,97
1525867293 23,96
1525867298 0,93
1525867303 -3,24
1525867308 3,78
1525867313 -4,30
1525867318 26,64
1525867323 10,14
1525867328 36,71
1525867333 2,50
1525867338 7,65
1525867343 8,73
1525867348 28,74
1525867353 -2,97
1525867358 20,87
1525867363 -5,30
1525867368 36,43
1525867373 38,7
1525867378 2,59
1525867383 0,87
1525867388 19,96
1525867393 36,76
1525867398 38,0
1525867403 18,50
1525867408 -4,26
1525867413 17,24
1525867418 30,38
1525867423 5,9
1525867428 32,47
1525867433 35,84
1525867438 14,27
1525867443 1,14
1525867448 28,58
1525867453 37,42
1525867458 11,64
1525867463 17,60
1525867468 21,47
1525867473 24,88
1525867478 12,95
1525867483 30,85
1525867488 37,38
1525867493 2,59
1525867498 9,38
1525867503 5,20
1525867508 25,77
1525867513 10,85
1525867518 28,98
1525867523 23,94
1525867528 28,3
1525867533 28,28
1525867538 35,97
1525867543 32,86
1525867548 11,23
1525867553 5,8
1525867558 -2,6
1525867563 9,80
1525867568 33,99
1525867573 39,62
1525867578 24,76
1525867583 9,42
1525867588 33,33
1525867593 17,84
1525867598 27,27
1525867603 2,4
1525867608 8,27
1525867613 39,87
1525867618 21,14
1525867623 14,30
1525867628 17,71
1525867633 13,42
1525867638 33,50
1525867643 19,76
1525867648 26,8
1525867653 5,1
1525867658 -1,10
1525867663 10,59
1525867668 19,71
1525867673 25,74
1525867678 25,44
1525867683 2,23
1525867688 1,47
1525867693 18,43
1525867698 2,15
1525867703 8,7
1525867708 1,93
1525867713 9,82
1525867718 21,11
1525867723 20,89
1525867728 38,0
1525867733 18,85
1525867738 39,21
1525867743 9,4
1525867748 -2,59
1525867753 19,8
1525867758 17,54
1525867763 21,72
1525867768 33,21
1525867773 35,10
1525867778 3,53
1525867783 6,19
1525867788 37,85
1525867793 29,49
1525867798 2,74
1525867803 36,87
1525867808 -3,87
1525867813 10,47
1525867818 11,38
1525867823 33,18
1525867828 19,77
1525867833 -2,31
1525867838 15,98
1525867843 5,15
1525867848 -4,98
1525867853 -2,35
1525867858 24,71
1525867863 0,2
1525867868 36,92
1525867873 34,71
1525867878 -1,26
1525867883 10,33
1525867888 1,2
1525867893 37,43
1525867898 36,63
1525867903 -1,8
1525867908 27,87
1525867913 5,12
1525867918 20,43
1525867923 24,53
1525867928 -2,35
1525867933 34,11
1525867938 5,78
1525867943 30,99
1525867948 30,29
1525867953 31,2
1525867958 22,23
1525867963 15,77
1525867968 9,0
1525867973 -5,96
1525867978 36,98
1525867983 31,75
1525867988 22,86
1525867993 -1,46
1525867998 20,52
1525868003 -3,45
1525868008 20,73
1525868013 0,20
1525868018 0,77
1525868023 25,77
1525868028 20,76
1525868033 7,90
1525868038 26,27
1525868043 32,94
1525868048 9,81
1525868053 2,12
1525868058 -4,92
1525868063 20,71
1525868068 29,3
1525868073 30,56
1525868078 21,13
